Type,Iteration,Success,Time,Frames,KeyPresses,StatesExplored
RRTUCT,0,0,7674,0,1,13506
RRTUCT,1,0,7974,0,3,15063
Type,Iteration,Success,Time,Frames,KeyPresses,StatesExplored
RRTUCT,0,0,2641,0,1,12455
RRTUCT,1,0,2910,0,3,14002
RRTUCT,2,1,2407,996,42,11458
RRTUCT,3,1,1358,981,48,6506
RRTUCT,4,0,2436,441,3,11421
RRTUCT,5,0,3183,0,2,15068
RRTUCT,6,0,2537,0,1,11634
RRTUCT,7,1,600,761,20,2821
RRTUCT,8,0,3542,277,3,16849
RRTUCT,9,0,4019,0,3,18387
RRTUCT,10,0,3207,0,3,15012
RRTUCT,11,1,1814,1121,79,8357
RRTUCT,12,0,2701,0,1,12478
RRTUCT,13,0,3752,0,1,17846
RRTUCT,14,0,2824,0,3,12993
RRTUCT,15,1,1812,1221,69,8329
RRTUCT,16,0,3491,307,2,16380
RRTUCT,17,0,4796,0,1,21339
RRTUCT,18,0,2905,142,1,13271
RRTUCT,19,0,3153,208,3,14084
RRTUCT,20,1,3006,1071,45,13677
RRTUCT,21,0,2519,0,2,11191
RRTUCT,22,0,3317,193,4,15051
RRTUCT,23,0,3664,330,3,16885
RRTUCT,24,0,3318,0,1,15215
RRTUCT,25,1,1991,714,30,8703
RRTUCT,26,0,3424,0,1,15635
RRTUCT,27,0,2920,0,1,12925
RRTUCT,28,0,3150,0,1,14077
RRTUCT,29,0,2983,0,3,12852
RRTUCT,30,0,3480,0,1,15381
RRTUCT,31,0,2748,0,1,12054
RRTUCT,32,0,3360,321,3,14927
RRTUCT,33,1,1686,1093,52,7593
RRTUCT,34,0,4306,0,2,19243
RRTUCT,35,0,3252,0,1,14448
RRTUCT,36,0,2673,0,3,11390
RRTUCT,37,0,2761,110,3,11956
RRTUCT,38,0,2720,0,2,11817
RRTUCT,39,0,3617,0,2,15651
RRTUCT,40,0,3401,0,3,14292
RRTUCT,41,0,3520,0,2,15310
RRTUCT,42,1,3330,693,15,14433
RRTUCT,43,0,2304,141,2,9696
RRTUCT,44,0,3021,0,3,12960
RRTUCT,45,0,2936,359,3,12588
RRTUCT,46,0,3675,0,3,15936
RRTUCT,47,0,4148,0,1,18234
RRTUCT,48,1,1657,1019,55,7072
RRTUCT,49,1,2896,1010,47,12163
RRTUCT,50,0,3853,98,3,16544
RRTUCT,51,0,3997,0,2,16752
RRTUCT,52,0,3110,202,4,13105
RRTUCT,53,0,3005,281,1,12695
RRTUCT,54,1,2406,643,20,9929
RRTUCT,55,0,3960,0,1,16992
RRTUCT,56,0,4491,0,3,18303
RRTUCT,57,0,3831,0,1,16398
RRTUCT,58,1,3323,657,18,13914
RRTUCT,59,0,4896,0,1,19663
RRTUCT,60,1,2652,988,41,11107
RRTUCT,61,1,2945,1002,57,12232
RRTUCT,62,0,3601,0,1,14966
RRTUCT,63,1,2073,1122,60,8760
RRTUCT,64,0,2726,0,1,11059
RRTUCT,65,0,3017,0,3,12396
RRTUCT,66,0,4265,0,2,17844
RRTUCT,67,0,3359,182,1,13908
RRTUCT,68,0,4262,0,3,17413
RRTUCT,69,0,3293,231,6,13379
RRTUCT,70,0,4319,0,3,17960
RRTUCT,71,1,1252,771,19,5042
RRTUCT,72,0,4895,0,3,19908
RRTUCT,73,0,3842,171,1,15614
RRTUCT,74,0,3373,0,2,13604
RRTUCT,75,0,3752,79,1,15351
RRTUCT,76,1,3231,1225,75,13109
RRTUCT,77,1,2623,1051,57,10590
RRTUCT,78,1,3722,1095,53,15021
RRTUCT,79,1,2374,1016,57,9413
RRTUCT,80,1,2762,833,40,11128
RRTUCT,81,0,3227,0,1,12685
RRTUCT,82,1,3534,1172,67,14261
RRTUCT,83,0,2525,0,3,9845
RRTUCT,84,1,3407,1045,68,13669
RRTUCT,85,1,2852,1000,64,11065
RRTUCT,86,0,3118,480,1,12153
RRTUCT,87,1,2144,708,20,8478
